Pass,URL,Title,Length
FALSE,https://www.webcipta.my.id/blog/cara-meningkatkan-seo-website-indonesia,Cara Meningkatkan SEO Website agar Halaman 1 Google Indonesia 2025 | webCipta,77
FALSE,https://www.webcipta.my.id/blog/harga-jasa-pembuatan-website-2025,Harga Jasa Pembuatan Website 2025: Panduan Lengkap | webCipta,61
FALSE,https://www.webcipta.my.id/blog/jasa-pembuatan-bot-telegram-whatsapp-untuk-bisnis,Jasa Pembuatan Bot Telegram & WhatsApp untuk Bisnis 2025 | webCipta | webCipta,78
FALSE,https://www.webcipta.my.id/blog/website-company-profile-untuk-bisnis,Kenapa Bisnis Wajib Punya Website Company Profile di 2025 | webCipta | webCipta,79
FALSE,https://www.webcipta.my.id/jasa-desain-ui-ux,Jasa Desain UI/UX Profesional Website & Aplikasi | webCipta | webCipta,70
